realDistance	heuristic	count
0	0	2048
1	1	6144
2	2	17058
2	50	2
2	37	12
2	26	30
2	17	40
2	51	96
2	38	413
2	66	5
2	27	792
2	18	783
2	10	30
2	11	392
2	5	12
2	6	79
3	3	32256
3	67	271
3	199	150
3	172	216
3	51	82
3	4	2930
3	52	2762
3	100	6
3	38	350
3	74	32
3	221	30
3	101	210
3	7	196
3	147	472
3	124	532
3	39	8204
3	183	24
3	75	896
3	27	580
3	160	96
3	103	516
3	84	420
3	28	9618
3	128	72
3	53	1494
3	18	460
3	34	80
3	40	43
3	43	4
3	29	144
3	109	108
3	32	12
3	19	4711
3	20	264
3	83	72
3	35	1194
3	11	232
3	88	9
3	64	30
3	44	36
3	68	48
3	23	12
3	12	772
3	37	6
3	13	148
3	48	24
3	21	452
3	10	16
3	6	22
3	16	7
3	8	39
4	4	80488
4	68	1650
4	445	360
4	365	691
4	8	6412
4	5	18416
4	200	2919
4	173	3660
4	6	290
4	52	270
4	221	60
4	85	3428
4	13	906
4	39	364
4	183	54
4	160	192
4	3	992
4	53	3755
4	414	232
4	222	1512
4	148	6128
4	125	6164
4	293	360
4	328	558
4	260	900
4	40	7746
4	329	363
4	261	90
4	7	366
4	43	18
4	184	1176
4	149	418
4	126	555
4	161	3536
4	152	48
4	129	2591
4	28	480
4	29	7933
4	128	168
4	109	216
4	296	423
4	229	288
4	225	510
4	104	4615
4	105	864
4	86	787
4	110	2544
4	19	336
4	20	3362
4	83	180
4	84	1716
4	41	412
4	76	381
4	199	60
4	172	54
4	220	168
4	147	120
4	124	168
4	44	36
4	89	172
4	54	1452
4	103	204
4	30	1057
4	65	295
4	279	24
4	230	54
4	174	84
4	254	96
4	297	21
4	226	33
4	32	36
4	162	175
4	130	150
4	154	504
4	75	21
4	33	84
4	165	33
4	133	18
4	108	72
4	35	126
4	250	69
4	67	120
4	198	216
4	21	1189
4	45	255
4	141	207
4	180	48
4	36	1222
4	164	126
4	142	42
4	111	390
4	69	1008
4	100	504
4	24	68
4	114	30
4	88	24
4	12	102
4	48	72
4	49	192
4	37	87
4	219	6
4	153	24
4	201	48
4	99	36
4	120	25
4	57	33
4	102	4
4	23	108
4	78	20
4	70	243
4	157	45
4	121	9
4	22	429
4	14	441
4	95	12
4	94	30
4	50	162
4	58	171
4	72	24
4	73	9
4	17	13
4	11	21
4	27	6
4	55	22
4	66	6
4	46	12
4	56	6
4	77	12
4	38	27
4	90	10
4	51	8
4	61	24
4	15	8
4	79	39
4	31	129
4	26	3
4	16	45
4	9	31
5	5	140596
5	69	3114
5	789	360
5	630	660
5	9	16381
5	201	2340
5	174	2100
5	223	654
5	86	1105
5	6	58538
5	446	2870
5	366	5220
5	14	1533
5	54	32580
5	103	4357
5	52	492
5	53	1748
5	102	192
5	414	188
5	7	4945
5	40	4157
5	89	76
5	329	2931
5	44	318
5	296	351
5	365	89
5	4	7880
5	43	226
5	76	694
5	80	264
5	39	2280
5	679	570
5	415	3780
5	38	2153
5	41	55215
5	79	175
5	77	11067
5	581	248
5	525	912
5	582	60
5	447	120
5	489	360
5	45	4615
5	8	350
5	55	10482
5	90	938
5	10	1837
5	153	300
5	130	908
5	149	2796
5	126	2211
5	162	1263
5	150	359
5	127	448
5	185	394
5	152	72
5	165	852
5	166	335
5	163	96
5	129	108
5	221	18
5	261	3054
5	330	5178
5	262	1142
5	294	1532
5	42	6559
5	297	4575
5	81	852
5	78	738
5	328	12
5	260	30
5	50	612
5	70	317
5	58	311
5	15	1227
5	333	60
5	265	96
5	29	4997
5	30	31819
5	65	25
5	254	102
5	225	492
5	279	78
5	226	4599
5	200	704
5	33	582
5	34	5908
5	198	186
5	250	201
5	32	785
5	28	2544
5	482	474
5	27	66
5	354	600
5	31	12705
5	66	1578
5	106	540
5	87	368
5	105	1592
5	111	720
5	112	245
5	109	300
5	115	130
5	155	42
5	231	492
5	175	600
5	230	736
5	199	1194
5	56	2302
5	59	1415
5	229	18
5	173	42
5	64	120
5	20	2878
5	21	6025
5	164	156
5	141	225
5	36	710
5	180	168
5	125	30
5	142	846
5	24	816
5	25	1790
5	37	3548
5	120	23
5	157	135
5	23	1018
5	19	1745
5	561	234
5	222	18
5	184	18
5	298	684
5	3	480
5	57	84
5	406	24
5	295	36
5	416	284
5	483	72
5	355	122
5	391	399
5	67	66
5	35	121
5	160	4
5	128	4
5	134	60
5	158	666
5	133	48
5	227	836
5	280	1008
5	255	1154
5	202	411
5	251	2028
5	301	72
5	234	36
5	178	30
5	46	985
5	181	1272
5	405	26
5	319	63
5	379	238
5	108	56
5	114	48
5	18	154
5	22	7469
5	320	34
5	218	42
5	246	164
5	47	100
5	83	12
5	71	136
5	85	288
5	101	42
5	143	640
5	121	21
5	148	12
5	104	306
5	26	170
5	203	34
5	146	32
5	13	679
5	68	26
5	94	54
5	12	454
5	131	66
5	205	42
5	11	87
5	161	36
5	217	44
5	88	66
5	73	60
5	122	105
5	95	30
5	17	31
5	16	285
5	91	117
5	441	28
5	252	190
5	305	126
5	380	20
5	62	212
5	309	20
5	293	71
5	247	54
5	263	28
5	277	38
5	182	152
5	159	244
5	197	252
5	233	41
5	278	36
5	110	18
5	74	24
5	84	18
5	176	20
5	145	12
5	136	8
5	144	20
5	51	26
5	167	34
5	48	40
5	113	126
5	49	12
5	169	22
5	168	8
5	96	80
5	304	6
5	61	3
5	196	18
5	99	4
5	63	6
6	6	285681
6	70	11968
6	1231	180
6	967	270
6	10	66330
6	447	3426
6	367	4842
6	416	3580
6	7	168187
6	87	7088
6	54	2569
6	679	210
6	790	1260
6	631	1680
6	202	22147
6	175	21290
6	223	1146
6	224	19635
6	15	9350
6	5	21308
6	8	26055
6	222	4056
6	41	4247
6	90	959
6	525	348
6	45	678
6	185	879
6	221	282
6	184	150
6	152	140
6	129	701
6	561	306
6	482	186
6	44	201
6	166	448
6	162	2941
6	153	136
6	9	3706
6	55	38450
6	1016	500
6	680	3360
6	201	1333
6	174	900
6	150	25748
6	127	16910
6	149	2368
6	126	2599
6	163	22917
6	130	2122
6	42	47927
6	91	5193
6	807	484
6	906	31
6	718	104
6	771	700
6	907	20
6	683	32
6	46	5365
6	11	14331
6	56	10667
6	104	768
6	43	14995
6	334	405
6	302	450
6	295	1337
6	330	2316
6	298	2772
6	331	4269
6	299	860
6	262	2697
6	266	402
6	333	36
6	265	33
6	263	2620
6	59	1183
6	58	248
6	301	69
6	106	8025
6	562	3024
6	582	420
6	483	1392
6	583	260
6	484	676
6	526	4032
6	448	364
6	77	471
6	581	12
6	446	30
6	51	879
6	16	1967
6	119	48
6	71	2525
6	159	659
6	172	432
6	154	3666
6	167	3718
6	151	9317
6	164	6678
6	186	11318
6	131	13567
6	128	9068
6	136	334
6	14	1097
6	147	63
6	124	28
6	165	211
6	22	4293
6	161	539
6	586	20
6	451	28
6	30	4655
6	66	227
6	31	23034
6	354	264
6	355	1102
6	329	132
6	391	159
6	34	934
6	33	1736
6	35	6128
6	4	504
6	67	5671
6	32	23038
6	103	1583
6	134	174
6	155	787
6	108	807
6	105	2813
6	89	876
6	133	72
6	86	3828
6	115	411
6	111	2866
6	112	5959
6	109	165
6	110	2969
6	116	2156
6	156	5604
6	107	10233
6	113	7660
6	13	180
6	379	323
6	319	33
6	540	127
6	78	5077
6	235	271
6	204	137
6	232	703
6	252	875
6	227	2018
6	176	719
6	231	725
6	179	67
6	200	446
6	80	648
6	380	1564
6	407	56
6	321	182
6	40	837
6	121	120
6	88	6175
6	96	55
6	320	26
6	405	6
6	294	516
6	84	618
6	114	557
6	12	896
6	37	979
6	25	1398
6	38	3023
6	21	2326
6	24	2489
6	218	42
6	26	1994
6	47	1968
6	101	721
6	69	1261
6	102	1818
6	85	1590
6	72	2099
6	735	96
6	682	25
6	490	504
6	441	98
6	297	108
6	261	144
6	148	110
6	125	126
6	3	3072
6	29	216
6	585	606
6	92	966
6	719	52
6	516	79
6	610	171
6	560	225
6	515	79
6	60	1071
6	68	956
6	57	2047
6	36	674
6	256	656
6	281	419
6	230	139
6	306	35
6	228	876
6	203	489
6	253	137
6	255	40
6	236	24
6	180	26
6	226	120
6	417	3024
6	356	858
6	442	924
6	381	507
6	392	1008
6	65	138
6	160	881
6	135	1796
6	132	3913
6	117	312
6	157	921
6	140	208
6	18	92
6	81	644
6	97	34
6	20	282
6	487	52
6	359	66
6	79	122
6	53	358
6	62	125
6	309	82
6	293	127
6	246	94
6	23	11047
6	73	448
6	74	241
6	75	213
6	234	39
6	178	80
6	296	42
6	233	116
6	278	132
6	217	40
6	199	97
6	63	876
6	378	58
6	362	87
6	48	1115
6	39	3397
6	144	471
6	182	337
6	143	178
6	198	42
6	142	72
6	146	87
6	279	600
6	219	126
6	27	651
6	95	46
6	76	100
6	52	230
6	145	89
6	28	136
6	19	127
6	50	264
6	61	273
6	49	346
6	366	12
6	491	12
6	206	82
6	280	129
6	205	24
6	122	22
6	247	54
6	251	48
6	181	30
6	123	75
6	64	66
6	177	334
6	277	16
6	325	6
6	541	39
6	384	39
6	415	165
6	399	162
6	363	51
6	431	21
6	347	27
6	170	36
6	183	79
6	310	588
6	264	507
6	248	234
6	326	84
6	267	51
6	168	28
6	17	775
6	158	39
6	238	9
6	229	28
6	118	1
6	82	12
6	250	3
6	169	81
6	283	9
6	258	24
6	98	3
6	100	20
7	7	21558
7	71	3144
7	11	5431
7	791	238
7	632	145
7	681	220
7	8	6705
7	203	478
7	225	280
7	176	271
7	88	525
7	55	1279
7	1016	39
7	9	1355
7	416	306
7	448	1490
7	368	1020
7	417	1196
7	6	924
7	16	786
7	104	401
7	56	6982
7	105	1565
7	54	504
7	103	36
7	42	1429
7	91	92
7	771	28
7	46	493
7	331	477
7	367	122
7	333	37
7	265	33
7	45	437
7	58	168
7	43	2375
7	10	306
7	807	30
7	718	11
7	302	61
7	298	147
7	40	56
7	76	3
7	41	466
7	77	34
7	78	421
7	82	180
7	81	69
7	79	903
7	1771	18
7	1425	22
7	1232	114
7	1017	119
7	334	3
7	266	3
7	5	33
7	299	422
7	59	38
7	1376	12
7	92	158
7	1103	8
7	1067	7
7	47	1180
7	57	629
7	44	1143
7	587	22
7	488	16
7	563	45
7	527	59
7	452	8
7	584	19
7	449	10
7	491	12
7	583	49
7	484	58
7	586	3
7	487	2
7	485	10
7	12	731
7	60	422
7	155	93
7	168	50
7	132	49
7	152	47
7	129	27
7	187	40
7	151	191
7	164	125
7	128	69
7	223	23
7	165	20
7	154	16
7	131	10
7	167	8
7	224	7
7	222	2
7	451	2
7	186	5
7	968	72
7	107	41
7	808	36
7	908	19
7	720	12
7	772	29
7	684	12
7	120	22
7	72	31
7	52	176
7	340	20
7	308	15
7	332	505
7	300	144
7	272	7
7	264	121
7	296	55
7	335	133
7	303	89
7	301	19
7	330	31
7	262	35
7	23	72
7	15	33
7	17	43
7	65	33
7	267	51
7	75	27
7	83	266
7	80	228
7	50	16
7	263	48
7	3	4
7	51	15
7	106	2
7	719	4
7	906	2
7	682	4
7	70	2
7	86	2
7	67	55
7	32	282
7	31	446
7	610	3
7	540	10
7	585	10
7	516	2
7	490	1
7	35	230
7	34	150
7	36	197
7	68	33
7	33	402
7	256	17
7	252	54
7	253	62
7	230	9
7	227	54
7	306	6
7	281	15
7	231	31
7	175	17
7	228	40
7	205	7
7	202	62
7	232	4
7	515	5
7	201	24
7	235	2
7	179	2
7	30	73
7	29	44
7	87	6
7	61	87
7	234	7
7	178	7
7	204	14
7	14	1
7	381	12
7	356	4
7	408	5
7	322	5
7	407	1
7	321	1
7	108	22
7	114	16
7	111	10
7	117	9
7	157	7
7	113	6
7	89	6
7	163	8
7	156	1
7	110	1
7	116	1
7	233	58
7	200	6
7	39	24
7	66	9
7	236	5
7	64	1
7	13	3
7	63	6
7	378	3
7	26	20
7	25	5
7	48	2
7	22	32
7	160	6
7	143	6
7	198	4
7	182	7
7	144	7
7	146	3
7	38	8
7	166	1
7	362	2
7	24	26
7	147	5
7	27	19
7	21	3
7	20	13
7	37	1
7	162	1
--- end of histogram ---
realDistance	heuristic	count
0	0	2048
1	1	6144
2	1	7680
2	2	12064
3	1	5120
3	2	41600
3	3	24640
4	1	1920
4	2	124824
4	3	69728
5	1	384
5	2	281304
5	3	245936
5	4	25908
6	1	32
6	2	605770
6	3	563860
6	4	74980
7	2	37618
7	3	34802
7	4	4329
7	5	14
--- end of histogram ---
