realDistance	heuristic	count
0	0	80
1	1	784
2	2	3192
3	3	8142
3	8	482
3	2	80
3	26	88
3	36	8
3	12	16
3	21	16
3	6	16
3	7	8
3	10	24
4	4	16246
4	9	2710
4	3	1046
4	27	520
4	18	164
4	2	84
4	21	92
4	10	188
4	37	80
4	13	104
4	22	158
4	31	16
4	82	16
4	7	32
4	17	14
4	35	4
4	14	16
4	15	32
4	28	4
4	5	24
4	8	16
4	11	64
4	36	4
4	16	12
4	40	4
4	25	4
4	127	8
4	87	8
4	46	2
4	24	4
4	23	8
5	19	856
5	5	24908
5	10	5592
5	28	1360
5	4	5326
5	3	528
5	22	574
5	11	1178
5	40	64
5	30	116
5	18	192
5	21	336
5	70	40
5	17	192
5	14	384
5	2	120
5	20	54
5	80	48
5	37	100
5	52	90
5	8	152
5	66	2
5	56	2
5	38	488
5	12	198
5	23	684
5	32	90
5	9	66
5	71	20
5	29	72
5	36	32
5	39	20
5	108	4
5	24	42
5	42	20
5	45	8
5	48	4
5	15	156
5	35	12
5	53	8
5	16	178
5	83	40
5	26	8
5	50	8
5	34	20
5	33	48
5	43	16
5	46	8
5	49	6
5	54	12
5	6	150
5	51	4
5	41	6
5	13	6
5	128	24
5	88	16
5	113	4
5	47	12
5	25	12
5	7	16
5	81	4
6	41	325
6	20	1682
6	31	341
6	6	34275
6	11	9631
6	19	454
6	29	3092
6	5	16998
6	12	2689
6	22	3125
6	71	229
6	4	2154
6	18	1123
6	15	1091
6	23	2068
6	3	1092
6	21	239
6	81	100
6	38	1014
6	53	826
6	9	1142
6	67	47
6	57	51
6	44	100
6	34	372
6	16	1070
6	40	198
6	82	92
6	10	404
6	35	283
6	87	88
6	32	201
6	28	200
6	83	86
6	30	258
6	36	146
6	33	683
6	24	2122
6	49	54
6	118	2
6	45	63
6	97	1
6	25	234
6	37	140
6	27	310
6	146	80
6	191	80
6	14	206
6	88	46
6	39	2072
6	7	559
6	69	25
6	62	34
6	2	78
6	13	598
6	60	31
6	42	40
6	75	18
6	43	68
6	54	18
6	50	63
6	51	39
6	46	24
6	47	48
6	48	93
6	26	49
6	92	3
6	58	18
6	59	4
6	72	89
6	85	8
6	123	8
6	109	44
6	101	8
6	147	24
6	17	406
6	128	25
6	84	52
6	94	4
6	104	5
6	107	2
6	61	12
6	70	10
6	55	30
6	8	119
6	86	10
6	124	4
6	102	4
6	95	6
6	105	4
6	108	2
6	66	11
6	52	37
6	90	1
6	63	1
6	96	4
6	76	12
6	106	3
6	134	1
6	80	4
6	77	6
6	56	11
6	127	1
6	132	8
6	129	40
6	100	4
6	114	12
6	89	24
6	110	4
6	73	4
6	150	4
6	151	4
6	156	4
6	64	1
7	30	5736
7	45	242
7	21	3018
7	35	969
7	7	49451
7	12	14038
7	17	3253
7	41	518
7	42	559
7	6	43391
7	13	6094
7	39	5012
7	54	3696
7	23	15650
7	10	5171
7	68	152
7	58	134
7	83	500
7	72	972
7	5	9716
7	19	4595
7	11	3082
7	16	3860
7	24	8114
7	36	1032
7	88	198
7	33	948
7	29	1506
7	84	543
7	4	5088
7	31	721
7	37	440
7	34	2464
7	25	5525
7	50	187
7	119	3
7	46	366
7	98	4
7	26	1339
7	38	735
7	28	2446
7	147	208
7	192	208
7	15	1671
7	89	200
7	22	2346
7	100	59
7	95	62
7	96	71
7	18	2012
7	40	6617
7	51	309
7	82	267
7	71	67
7	14	1632
7	85	144
7	8	2165
7	76	203
7	74	57
7	73	273
7	77	181
7	48	192
7	9	627
7	86	63
7	75	58
7	32	680
7	158	3
7	20	946
7	168	2
7	49	484
7	135	81
7	177	40
7	43	188
7	112	5
7	70	86
7	63	209
7	128	19
7	91	37
7	3	484
7	2	38
7	61	66
7	27	233
7	64	41
7	65	55
7	44	447
7	55	80
7	52	200
7	47	120
7	152	20
7	69	4
7	79	5
7	78	51
7	57	49
7	93	13
7	60	41
7	59	98
7	81	24
7	173	12
7	80	5
7	124	92
7	109	26
7	110	149
7	102	32
7	148	120
7	136	24
7	62	64
7	129	177
7	105	26
7	108	12
7	114	20
7	90	38
7	94	5
7	56	93
7	87	26
7	150	32
7	151	36
7	156	46
7	125	44
7	115	36
7	103	18
7	92	6
7	106	25
7	67	27
7	53	143
7	111	20
7	140	1
7	97	12
7	107	5
7	172	2
7	214	1
7	184	1
7	66	5
7	133	32
7	101	16
7	130	40
7	157	16
7	174	6
7	175	4
7	180	4
7	190	2
7	176	4
7	182	2
7	117	8
7	162	12
8	43	1141
8	101	168
8	31	9854
8	22	6092
8	37	2644
8	96	201
8	97	208
8	32	2651
8	27	3454
8	13	19337
8	12	10613
8	34	3947
8	14	14063
8	35	7186
8	8	85254
8	19	6698
8	18	7685
8	40	17847
8	20	15370
8	41	16735
8	55	11432
8	24	52752
8	7	106381
8	11	18294
8	69	597
8	59	656
8	29	9219
8	90	556
8	25	27702
8	23	16382
8	6	44195
8	16	6030
8	5	19599
8	73	3268
8	52	1252
8	83	914
8	84	1738
8	72	603
8	39	6046
8	17	10321
8	15	5860
8	36	2799
8	30	6249
8	86	386
8	9	7363
8	26	13619
8	77	1052
8	75	369
8	74	975
8	85	1719
8	78	1009
8	49	1259
8	10	3331
8	87	675
8	76	326
8	33	2551
8	159	17
8	21	3231
8	38	1355
8	169	4
8	193	220
8	50	2467
8	136	212
8	178	104
8	44	961
8	113	58
8	51	953
8	45	3381
8	28	2305
8	60	754
8	66	446
8	67	204
8	124	43
8	103	144
8	135	42
8	48	1176
8	172	52
8	58	455
8	61	469
8	64	800
8	54	1001
8	71	452
8	56	841
8	68	458
8	147	483
8	53	1107
8	100	59
8	81	328
8	94	148
8	95	98
8	4	2064
8	46	1263
8	88	851
8	104	108
8	62	334
8	65	194
8	42	1505
8	82	461
8	47	1906
8	119	5
8	98	62
8	110	265
8	192	242
8	182	30
8	63	524
8	196	86
8	151	194
8	70	151
8	111	496
8	112	89
8	145	13
8	129	198
8	92	148
8	89	438
8	3	642
8	91	87
8	148	306
8	153	228
8	80	77
8	79	296
8	105	23
8	126	151
8	150	76
8	156	163
8	57	404
8	106	121
8	128	91
8	102	86
8	134	80
8	117	23
8	188	58
8	174	164
8	93	93
8	142	10
8	173	6
8	125	277
8	252	24
8	152	84
8	149	300
8	137	120
8	121	3
8	133	88
8	130	540
8	165	11
8	109	56
8	115	181
8	131	23
8	99	19
8	189	12
8	175	39
8	176	38
8	180	53
8	190	16
8	157	116
8	162	100
8	108	18
8	116	183
8	122	7
8	107	108
8	127	4
8	191	12
8	141	11
8	154	5
8	215	1
8	140	2
8	185	1
8	164	21
8	168	17
8	118	37
8	170	1
8	202	1
8	207	1
8	201	1
8	322	1
8	300	1
8	259	2
8	158	40
8	255	2
8	120	19
8	114	22
8	265	3
8	348	1
8	267	4
8	249	1
8	181	16
8	177	4
8	183	6
8	166	2
8	167	6
8	208	1
8	211	4
8	163	24
8	186	12
8	155	2
8	197	2
8	246	1
8	224	1
8	123	17
8	206	3
8	132	1
9	32	4523
9	51	2496
9	50	2119
9	46	4045
9	37	2100
9	7	64755
9	6	29949
9	24	36859
9	8	93747
9	25	58239
9	29	4204
9	23	9789
9	41	19456
9	60	1081
9	34	3904
9	14	12152
9	21	16536
9	61	1257
9	35	6087
9	15	12669
9	26	12531
9	22	2196
9	70	812
9	74	3747
9	67	693
9	20	8735
9	28	3295
9	13	13082
9	68	481
9	38	1935
9	125	174
9	52	1296
9	104	142
9	56	13178
9	30	10080
9	9	34024
9	91	455
9	12	13486
9	11	4173
9	10	4524
9	45	1559
9	102	269
9	114	140
9	31	5861
9	16	5712
9	53	1098
9	49	3264
9	173	268
9	17	8091
9	59	818
9	62	725
9	65	1199
9	55	2657
9	84	1065
9	73	1213
9	33	2625
9	44	2208
9	72	930
9	39	3980
9	36	5287
9	40	13591
9	57	1423
9	69	1021
9	148	1241
9	85	1985
9	18	8071
9	54	1834
9	101	177
9	82	979
9	78	1516
9	77	437
9	95	169
9	79	1627
9	96	247
9	27	3502
9	47	1847
9	76	1106
9	75	1088
9	89	1520
9	105	194
9	87	365
9	86	1579
9	5	3963
9	63	565
9	66	295
9	88	1670
9	43	800
9	42	6492
9	19	6361
9	83	718
9	48	2094
9	120	23
9	99	118
9	111	540
9	193	617
9	183	13
9	64	682
9	152	238
9	71	223
9	179	78
9	112	421
9	113	159
9	146	47
9	94	220
9	115	73
9	116	192
9	80	439
9	147	85
9	136	431
9	187	40
9	192	48
9	159	22
9	154	54
9	106	82
9	100	133
9	93	155
9	103	61
9	160	11
9	107	142
9	98	189
9	188	35
9	81	356
9	58	363
9	117	127
9	90	390
9	302	1
9	299	1
9	311	1
9	178	57
9	168	24
9	110	100
9	197	104
9	92	270
9	137	206
9	132	42
9	127	123
9	131	203
9	133	21
9	128	27
9	124	11
9	220	9
9	222	9
9	232	8
9	4	1698
9	172	22
9	142	7
9	155	23
9	97	181
9	130	243
9	151	82
9	157	110
9	129	148
9	166	15
9	126	253
9	150	236
9	175	254
9	180	61
9	156	127
9	164	16
9	176	35
9	135	16
9	217	16
9	158	49
9	190	46
9	182	41
9	162	86
9	134	88
9	185	2
9	109	39
9	121	16
9	138	124
9	118	16
9	149	412
9	194	80
9	189	133
9	174	78
9	153	112
9	143	7
9	108	92
9	210	4
9	253	33
9	238	8
9	165	8
9	122	7
9	328	1
9	170	5
9	278	4
9	279	4
9	284	5
9	167	4
9	285	2
9	290	2
9	181	23
9	119	9
9	216	5
9	219	1
9	186	22
9	196	10
9	163	32
9	141	8
9	191	8
9	294	1
9	177	5
9	256	1
9	123	2
9	200	1
9	202	1
9	261	3
9	258	1
9	282	1
9	144	5
9	234	4
9	205	4
9	243	1
9	246	1
--- end of histogram ---
realDistance	heuristic	count
0	0	80
1	1	784
2	1	2456
2	2	736
3	2	4344
3	1	2696
3	3	1840
4	3	10834
4	2	8764
4	4	686
4	1	1400
5	4	4108
5	3	25332
5	2	13792
5	1	1036
5	5	468
6	5	2888
6	4	10614
6	3	52458
6	2	29458
6	1	816
6	6	32
7	5	8305
7	4	34394
7	3	126088
7	2	67838
7	1	668
7	6	243
8	5	35196
8	4	112762
8	3	358466
8	2	151124
8	1	344
8	6	3039
8	7	65
9	5	38805
9	4	110603
9	3	358916
9	2	133230
9	6	3935
9	1	136
9	7	51
--- end of histogram ---
