realDistance	heuristic	count
0	0	192
1	1	320
2	12	192
2	6	192
2	2	264
2	3	64
3	12	64
3	19	116
3	21	64
3	10	304
3	16	348
3	31	32
3	3	87
3	13	32
3	7	116
3	8	32
4	20	60
4	25	234
4	21	32
4	31	60
4	11	164
4	22	473
4	28	60
4	37	64
4	30	87
4	16	141
4	38	60
4	14	178
4	56	32
4	4	16
4	8	58
5	37	152
5	22	58
5	29	478
5	32	20
5	38	64
5	50	60
5	47	87
5	63	56
5	34	20
5	15	240
5	57	32
5	26	282
5	39	47
5	44	76
5	31	127
5	45	32
5	24	96
5	49	47
5	20	20
5	30	64
5	23	32
5	16	60
5	41	40
5	19	16
5	5	1
5	18	20
6	34	63
6	46	238
6	40	172
6	30	132
6	42	104
6	38	32
6	48	116
6	64	89
6	35	363
6	41	110
6	53	118
6	45	66
6	32	225
6	16	39
6	59	94
6	69	42
6	43	38
6	63	20
6	70	20
6	75	40
6	50	24
6	21	44
6	19	75
6	54	18
6	55	20
6	58	12
6	24	29
6	20	26
6	25	94
6	28	2
6	74	20
6	33	40
6	47	24
6	15	29
7	57	134
7	47	145
7	32	29
7	39	339
7	49	136
7	42	16
7	54	114
7	64	124
7	75	67
7	52	38
7	38	16
7	48	44
7	86	20
7	50	40
7	62	112
7	58	24
7	44	146
7	71	39
7	76	52
7	41	101
7	51	24
7	59	127
7	66	48
7	65	38
7	89	24
7	55	16
7	20	40
7	56	44
7	36	88
7	70	28
7	72	54
7	97	3
7	85	4
7	81	10
7	84	40
7	61	24
7	43	20
7	29	43
7	31	59
7	34	52
7	25	36
7	69	12
7	78	24
7	40	12
7	73	3
7	28	47
7	23	1
7	83	8
8	49	79
8	63	366
8	60	83
8	40	118
8	57	24
8	50	116
8	39	16
8	65	179
8	87	39
8	51	88
8	55	76
8	59	44
8	68	134
8	73	46
8	100	32
8	42	57
8	45	169
8	77	23
8	90	52
8	88	16
8	86	60
8	52	18
8	74	14
8	95	20
8	80	16
8	72	20
8	21	8
8	82	30
8	85	52
8	56	27
8	62	24
8	54	9
8	81	12
8	96	26
8	76	60
8	92	6
8	61	54
8	114	8
8	75	20
8	48	32
8	36	8
8	24	13
8	84	20
8	26	5
8	79	24
8	70	18
8	71	4
8	58	52
8	32	39
8	35	27
8	89	12
8	29	18
8	97	12
9	64	198
9	81	130
9	52	19
9	42	8
9	49	81
9	65	21
9	60	20
9	50	12
9	69	142
9	74	94
9	101	81
9	56	24
9	66	100
9	76	76
9	83	57
9	106	22
9	51	68
9	63	30
9	80	8
9	71	36
9	115	26
9	79	50
9	61	15
9	75	28
9	87	10
9	96	44
9	73	21
9	112	24
9	85	30
9	92	24
9	54	68
9	107	20
9	125	8
9	88	18
9	84	16
9	59	32
9	91	54
9	86	18
9	97	29
9	55	14
9	82	18
9	89	7
9	78	38
9	67	42
9	58	18
9	108	6
9	111	12
9	102	8
9	25	5
9	46	54
9	57	18
9	98	16
9	36	13
9	94	8
9	44	42
9	121	4
9	77	12
9	47	10
9	37	5
10	82	196
10	66	50
10	65	34
10	50	27
10	76	15
10	57	1
10	67	23
10	52	42
10	64	60
10	81	30
10	75	51
10	72	54
10	116	34
10	77	65
10	80	118
10	68	24
10	127	16
10	94	12
10	56	15
10	140	2
10	92	32
10	97	12
10	70	8
10	126	26
10	84	27
10	102	42
10	108	22
10	113	28
10	89	42
10	85	82
10	60	35
10	96	12
10	90	10
10	87	30
10	119	12
10	103	10
10	131	4
10	55	38
10	88	6
10	109	15
10	112	20
10	121	16
10	110	4
10	117	10
10	69	12
10	118	4
10	105	18
10	132	4
10	137	4
10	74	2
10	26	1
10	79	12
10	122	8
10	107	14
10	99	7
10	95	14
10	78	20
10	48	22
10	100	4
10	111	8
10	83	10
10	51	12
10	71	18
10	59	12
10	41	3
10	54	2
10	35	1
11	67	30
11	81	110
11	83	82
11	109	6
11	85	7
11	52	15
11	65	27
11	82	26
11	57	12
11	73	36
11	141	14
11	128	22
11	93	69
11	69	24
11	98	36
11	78	8
11	84	32
11	100	18
11	143	3
11	66	10
11	80	6
11	88	26
11	95	1
11	150	2
11	127	37
11	91	42
11	104	6
11	86	76
11	97	18
11	132	8
11	114	4
11	136	8
11	125	6
11	147	1
11	152	4
11	116	2
11	90	12
11	133	12
11	118	16
11	138	12
11	75	7
11	113	14
11	119	5
11	122	20
11	70	22
11	111	7
11	89	1
11	105	12
11	151	4
11	107	1
11	112	12
11	103	6
11	123	4
11	108	12
11	61	12
11	117	8
11	55	6
11	101	4
11	79	14
11	77	7
11	68	8
11	56	4
11	63	6
11	64	3
12	82	31
12	108	7
12	85	33
12	70	2
12	67	10
12	81	18
12	68	9
12	74	25
12	84	26
12	142	16
12	89	22
12	96	4
12	101	23
12	94	30
12	99	38
12	151	5
12	83	13
12	69	19
12	160	4
12	107	2
12	73	2
12	105	8
12	171	1
12	92	34
12	148	4
12	153	13
12	98	8
12	87	19
12	137	10
12	133	7
12	117	5
12	124	4
12	166	4
12	131	1
12	134	8
12	119	6
12	139	12
12	76	8
12	128	12
12	152	8
12	113	13
12	123	4
12	106	20
12	120	4
12	97	1
12	109	2
12	129	4
12	118	4
12	56	4
12	79	13
12	71	14
13	109	4
13	84	16
13	70	12
13	82	16
13	108	6
13	90	16
13	85	12
13	97	3
13	102	10
13	74	6
13	106	8
13	172	4
13	86	16
13	100	8
13	161	5
13	83	4
13	110	1
13	185	1
13	95	4
13	93	9
13	149	3
13	154	10
13	99	4
13	167	8
13	132	4
13	143	4
13	125	5
13	139	1
13	140	4
13	129	2
13	153	4
13	114	10
13	121	8
13	98	4
13	107	8
13	103	1
13	77	3
13	80	10
13	75	8
13	72	5
13	78	1
14	85	6
14	83	4
14	109	4
14	84	6
14	75	4
14	103	1
14	107	4
14	173	3
14	87	8
14	111	4
14	186	2
14	91	12
14	115	2
14	86	5
14	155	1
14	168	4
14	133	3
14	140	2
14	122	4
14	99	3
14	104	2
14	81	1
14	76	3
14	79	2
15	112	3
15	85	4
15	86	1
15	187	1
15	92	4
15	116	2
15	87	4
15	91	1
15	141	1
15	105	1
15	80	1
16	88	3
16	117	1
16	92	2
17	93	1
--- end of histogram ---
realDistance	heuristic	count
0	0	192
1	1	320
2	2	480
2	1	232
3	3	340
3	2	768
3	1	87
4	3	515
4	2	1096
4	4	92
4	1	16
5	3	1124
5	4	139
5	2	963
5	1	1
6	4	338
6	2	863
6	3	1377
7	3	1764
7	4	381
7	2	520
8	4	520
8	3	1679
8	2	326
9	4	444
9	3	1549
9	2	119
10	3	1171
10	4	407
10	2	46
11	4	286
11	3	799
12	4	145
12	3	449
13	3	182
13	4	86
14	4	41
14	3	49
15	3	9
15	4	14
16	4	5
16	3	1
17	4	1
--- end of histogram ---
