realDistance	heuristic	count
0	0	1024
1	1	2912
2	12	2080
2	6	2336
2	2	3968
2	3	416
3	12	416
3	19	1216
3	21	640
3	7	1408
3	10	5760
3	16	6080
3	31	960
3	3	2592
3	13	320
3	8	320
4	25	3936
4	20	896
4	21	320
4	31	896
4	22	12352
4	37	256
4	30	1536
4	28	896
4	11	3392
4	32	96
4	14	2256
4	56	384
4	16	5600
4	38	2688
4	4	1056
4	8	608
4	9	32
5	22	640
5	29	11760
5	37	1920
5	21	96
5	32	736
5	47	1408
5	63	1056
5	50	2688
5	23	480
5	34	640
5	12	480
5	15	6192
5	44	2272
5	31	2480
5	26	11296
5	39	1408
5	45	1056
5	17	640
5	20	512
5	24	4032
5	49	3360
5	30	4224
5	5	246
5	41	288
5	19	64
5	16	896
5	18	640
6	30	2592
6	40	5918
6	34	1844
6	46	6144
6	38	192
6	42	2672
6	33	416
6	41	2304
6	48	896
6	53	5088
6	35	16176
6	51	288
6	64	3722
6	50	704
6	63	256
6	70	432
6	75	864
6	16	1680
6	59	6720
6	69	1744
6	27	1280
6	32	13424
6	43	1504
6	45	704
6	19	2400
6	58	480
6	55	256
6	21	3136
6	54	784
6	25	2720
6	28	168
6	74	768
6	6	28
6	24	512
6	47	320
6	15	512
6	17	96
6	20	320
7	57	2752
7	32	512
7	39	17056
7	31	1248
7	47	6688
7	35	222
7	49	2784
7	43	3632
7	38	88
7	48	176
7	54	1408
7	58	320
7	64	2912
7	86	432
7	50	288
7	62	1600
7	75	3360
7	44	6384
7	36	7232
7	52	1672
7	65	4992
7	76	480
7	89	1184
7	59	6096
7	41	4008
7	51	32
7	66	6272
7	55	1084
7	60	768
7	70	304
7	71	2256
7	33	1952
7	17	240
7	20	2112
7	85	112
7	81	384
7	84	1536
7	56	1568
7	72	7056
7	97	316
7	22	704
7	25	1632
7	78	1728
7	69	864
7	29	2812
7	40	3792
7	73	316
7	87	84
7	46	200
7	61	320
7	83	632
7	42	256
7	34	160
7	28	1120
7	7	1
7	26	256
7	21	64
8	49	1376
8	63	11024
8	40	5872
8	57	1672
8	58	544
8	60	3438
8	48	2000
8	50	10953
8	59	176
8	100	1248
8	55	2096
8	65	5456
8	68	3728
8	73	2248
8	76	11056
8	87	2256
8	53	950
8	86	7112
8	95	768
8	80	676
8	42	6100
8	77	1488
8	90	1824
8	45	13664
8	52	1896
8	88	1456
8	67	1408
8	66	967
8	72	1024
8	82	2736
8	85	864
8	96	1964
8	81	864
8	54	384
8	21	672
8	74	548
8	75	1296
8	56	1596
8	92	872
8	37	1408
8	98	42
8	24	912
8	84	1428
8	26	840
8	113	24
8	97	1008
8	79	192
8	70	2832
8	30	632
8	89	3816
8	131	68
8	41	504
8	33	112
8	91	768
8	62	32
8	39	248
8	83	1744
8	61	2352
8	47	20
8	114	7
8	36	264
8	35	656
8	108	24
8	51	3136
8	106	68
8	29	912
8	32	912
9	64	8656
9	81	3730
9	42	264
9	49	7250
9	41	560
9	50	1136
9	52	1456
9	61	2675
9	51	3830
9	65	810
9	63	384
9	71	2600
9	74	2520
9	66	1968
9	76	2544
9	115	408
9	79	1872
9	101	9384
9	56	496
9	83	4944
9	106	2352
9	69	5432
9	88	1472
9	107	2026
9	112	1730
9	84	752
9	59	1229
9	92	4896
9	85	4392
9	96	4704
9	54	7880
9	46	5296
9	87	1732
9	53	2292
9	89	1072
9	43	1422
9	78	3480
9	91	9000
9	102	1920
9	55	776
9	114	204
9	108	728
9	104	344
9	111	1008
9	86	2832
9	97	1876
9	82	2832
9	75	1724
9	57	1256
9	118	396
9	93	276
9	77	2616
9	58	1904
9	22	64
9	25	558
9	98	576
9	94	1400
9	73	224
9	27	252
9	124	248
9	90	504
9	132	10
9	30	288
9	95	864
9	34	224
9	147	2
9	67	3464
9	40	64
9	105	36
9	110	680
9	171	6
9	62	324
9	103	56
9	47	128
9	36	320
9	44	2352
9	123	6
9	37	410
9	33	160
10	82	11104
10	66	1864
10	65	3104
10	50	3194
10	76	1086
10	53	160
10	57	160
10	67	3302
10	56	434
10	64	1408
10	81	448
10	77	1848
10	127	864
10	80	4320
10	68	1285
10	92	3336
10	75	3548
10	72	928
10	97	2272
10	116	3279
10	94	2524
10	70	1588
10	60	5836
10	107	1584
10	84	3597
10	102	5996
10	113	2154
10	126	1896
10	85	3616
10	90	742
10	105	8344
10	99	2664
10	131	336
10	108	1152
10	52	1970
10	87	3912
10	109	4860
10	119	4190
10	62	700
10	86	1128
10	93	1112
10	88	672
10	55	4960
10	118	576
10	112	1152
10	103	496
10	121	2304
10	101	656
10	117	1152
10	110	2764
10	98	648
10	63	378
10	115	428
10	79	952
10	83	1248
10	26	156
10	111	3028
10	100	1296
10	91	304
10	58	792
10	96	480
10	95	5008
10	148	1
10	125	208
10	134	10
10	47	856
10	89	1760
10	120	2040
10	154	42
10	54	300
10	74	48
10	29	144
10	31	124
10	140	12
10	122	260
10	69	288
10	35	154
10	162	28
10	51	544
10	106	6
10	172	1
10	59	1384
10	38	14
10	78	384
10	44	17
10	104	320
10	138	1
10	135	46
10	71	2616
10	48	784
10	41	316
10	45	448
10	124	1
10	37	48
11	67	1480
11	81	6520
11	83	6116
11	109	1136
11	51	518
11	52	418
11	59	1444
11	66	608
11	85	1620
11	58	48
11	68	1018
11	84	768
11	80	684
11	65	1948
11	57	40
11	141	1982
11	93	4964
11	98	2584
11	78	572
11	73	908
11	82	176
11	100	3020
11	150	168
11	128	1008
11	69	318
11	104	2712
11	143	1128
11	117	2575
11	95	876
11	76	948
11	86	3760
11	91	3775
11	88	1384
11	136	3204
11	102	696
11	132	600
11	114	1294
11	127	7212
11	107	240
11	110	2452
11	61	1742
11	53	468
11	106	4296
11	125	3230
11	111	3618
11	71	1992
11	63	1252
11	120	1528
11	75	345
11	103	2632
11	122	6048
11	118	1460
11	133	1604
11	89	230
11	108	1632
11	97	392
11	113	4800
11	119	869
11	135	81
11	144	288
11	56	1384
11	64	2690
11	99	1692
11	79	1704
11	116	956
11	112	2496
11	101	1080
11	131	12
11	134	1008
11	129	48
11	130	1008
11	94	320
11	92	64
11	96	1712
11	147	140
11	126	1488
11	149	42
11	90	432
11	121	300
11	155	55
11	27	6
11	30	96
11	124	768
11	115	768
11	105	492
11	123	38
11	146	10
11	145	40
11	70	720
11	32	32
11	163	8
11	35	16
11	55	160
11	39	13
11	60	236
11	77	792
11	45	6
11	139	14
11	72	624
11	49	176
11	42	42
12	82	4152
12	108	2572
12	84	1632
12	85	792
12	103	2748
12	68	760
12	110	232
12	60	566
12	97	1670
12	86	687
12	70	1198
12	69	1204
12	90	113
12	89	352
12	81	576
12	107	1020
12	96	560
12	99	5464
12	160	606
12	142	4150
12	101	3856
12	83	384
12	74	568
12	94	2132
12	120	802
12	125	520
12	151	1404
12	124	532
12	144	804
12	105	2276
12	129	288
12	79	496
12	92	1968
12	148	688
12	153	1296
12	87	1924
12	106	816
12	111	610
12	109	1888
12	116	918
12	133	2572
12	137	2113
12	126	4003
12	163	144
12	168	72
12	62	335
12	115	1665
12	77	980
12	128	6216
12	132	316
12	158	1020
12	72	400
12	112	888
12	139	1440
12	104	1008
12	102	1224
12	113	1612
12	123	2136
12	119	1356
12	134	748
12	149	504
12	130	32
12	145	672
12	122	120
12	152	1020
12	150	384
12	66	496
12	98	208
12	127	404
12	80	586
12	114	1548
12	136	998
12	140	2980
12	76	428
12	65	976
12	100	600
12	118	1054
12	135	720
12	131	1872
12	138	2388
12	73	72
12	161	60
12	117	760
12	95	1100
12	157	360
12	31	20
12	121	1324
12	146	96
12	88	32
12	147	284
12	57	128
12	156	18
12	143	560
12	64	288
12	71	848
12	36	8
12	34	9
12	141	56
12	56	72
12	40	4
12	61	24
12	78	252
12	55	68
12	48	14
12	53	96
13	83	1170
13	109	1074
13	84	700
13	100	4336
13	104	1326
13	141	968
13	86	890
13	62	14
13	69	226
13	61	42
13	71	445
13	91	96
13	75	666
13	85	382
13	74	396
13	82	504
13	108	996
13	90	212
13	99	84
13	70	284
13	102	2124
13	172	648
13	98	2616
13	97	202
13	119	1016
13	126	202
13	106	1060
13	124	556
13	161	1260
13	121	1798
13	191	36
13	101	389
13	130	332
13	152	384
13	127	2188
13	186	204
13	95	317
13	125	490
13	87	50
13	143	1884
13	93	864
13	154	1008
13	107	1096
13	110	1864
13	117	1105
13	167	696
13	115	830
13	149	318
13	123	200
13	171	504
13	169	168
13	176	336
13	112	1056
13	137	1362
13	140	442
13	134	1428
13	164	2232
13	129	1958
13	63	52
13	138	706
13	116	490
13	78	220
13	73	17
13	159	1334
13	133	539
13	88	880
13	103	2032
13	153	1666
13	151	808
13	162	1332
13	158	1212
13	131	346
13	105	740
13	128	204
13	114	710
13	146	3840
13	150	1008
13	180	30
13	183	30
13	67	23
13	81	335
13	77	162
13	177	270
13	120	628
13	139	1572
13	148	1708
13	144	1456
13	132	2472
13	79	42
13	136	600
13	145	768
13	166	72
13	165	144
13	66	136
13	135	240
13	118	120
13	122	624
13	147	420
13	89	25
13	111	26
13	113	24
13	35	6
13	80	336
13	142	16
13	96	368
13	72	448
13	37	1
13	56	10
13	57	16
14	110	118
14	85	648
14	99	2666
14	101	1894
14	138	1008
14	106	316
14	126	492
14	105	172
14	142	107
14	70	50
14	120	908
14	84	309
14	112	58
14	76	255
14	86	92
14	111	1474
14	83	96
14	98	192
14	75	120
14	109	890
14	100	168
14	137	328
14	103	484
14	186	942
14	125	810
14	173	318
14	118	1042
14	199	168
14	107	218
14	91	190
14	87	228
14	116	1692
14	127	780
14	152	1148
14	157	452
14	162	372
14	122	990
14	192	372
14	131	232
14	158	36
14	128	953
14	187	30
14	155	276
14	181	1416
14	177	624
14	168	1812
14	113	504
14	108	374
14	134	438
14	141	216
14	146	254
14	124	530
14	172	1008
14	170	960
14	206	15
14	211	6
14	72	41
14	147	1526
14	96	70
14	130	196
14	165	576
14	203	108
14	144	375
14	150	72
14	94	460
14	104	748
14	163	2406
14	159	1152
14	174	474
14	132	419
14	123	780
14	143	28
14	154	2252
14	160	442
14	184	72
14	189	180
14	129	630
14	115	226
14	151	324
14	135	220
14	82	100
14	178	45
14	140	536
14	149	1192
14	145	948
14	121	264
14	136	288
14	166	276
14	175	252
14	171	588
14	117	98
14	133	874
14	80	39
14	156	56
14	167	204
14	90	6
14	161	192
14	153	88
14	119	56
14	148	149
14	114	129
14	36	1
14	139	100
14	81	92
14	79	80
14	97	208
14	102	300
14	95	56
14	92	444
14	67	2
14	73	84
14	89	138
14	71	6
14	63	1
14	78	24
15	86	156
15	100	1220
15	137	256
15	103	388
15	121	696
15	102	524
15	139	236
15	127	556
15	177	300
15	107	10
15	72	2
15	71	5
15	113	52
15	88	82
15	87	226
15	117	1126
15	116	112
15	99	504
15	112	416
15	136	170
15	85	24
15	120	249
15	101	216
15	187	1329
15	123	610
15	126	762
15	209	372
15	149	168
15	158	450
15	92	48
15	128	400
15	115	378
15	154	44
15	119	851
15	200	336
15	238	3
15	122	166
15	153	673
15	164	940
15	193	312
15	235	18
15	159	6
15	108	149
15	174	72
15	104	30
15	133	356
15	138	256
15	147	35
15	114	48
15	198	432
15	143	140
15	182	612
15	178	600
15	212	90
15	217	36
15	129	434
15	135	414
15	142	502
15	125	296
15	173	324
15	171	324
15	207	210
15	73	6
15	148	102
15	97	20
15	109	16
15	204	18
15	156	30
15	110	262
15	160	432
15	175	183
15	169	1380
15	124	428
15	180	480
15	134	120
15	194	126
15	190	366
15	197	252
15	195	168
15	144	117
15	185	684
15	130	216
15	77	28
15	155	816
15	161	48
15	105	120
15	146	198
15	131	431
15	141	88
15	176	216
15	172	744
15	179	576
15	167	558
15	157	112
15	184	1
15	83	1
15	132	64
15	81	12
15	168	72
15	118	32
15	150	272
15	162	72
15	165	228
15	163	144
15	76	2
15	151	28
15	145	100
15	80	28
15	98	200
15	96	112
15	140	20
15	95	108
15	93	140
15	82	10
16	101	290
16	138	111
16	102	224
16	118	628
16	122	282
16	172	86
16	104	268
16	129	162
16	128	343
16	178	326
16	89	24
16	93	4
16	103	140
16	117	49
16	92	80
16	100	374
16	137	350
16	88	48
16	121	158
16	171	81
16	124	254
16	127	235
16	221	216
16	116	552
16	148	104
16	155	30
16	210	210
16	244	18
16	133	148
16	153	92
16	119	61
16	150	218
16	159	218
16	120	354
16	201	108
16	239	42
16	154	108
16	165	100
16	236	3
16	188	444
16	194	84
16	199	384
16	134	143
16	144	160
16	220	126
16	218	90
16	212	120
16	142	98
16	225	84
16	139	308
16	213	351
16	179	192
16	136	136
16	143	203
16	130	122
16	183	96
16	208	60
16	113	10
16	170	360
16	125	96
16	181	192
16	135	108
16	204	48
16	198	360
16	196	240
16	207	192
16	203	288
16	195	117
16	191	582
16	145	58
16	186	252
16	126	154
16	161	128
16	123	48
16	132	164
16	177	84
16	173	424
16	180	405
16	189	216
16	185	338
16	192	6
16	168	258
16	158	36
16	176	12
16	166	126
16	164	124
16	157	40
16	131	72
16	156	30
16	152	8
16	140	1
16	106	30
16	149	11
16	109	128
16	114	48
16	146	120
16	151	96
16	99	64
16	97	36
16	81	2
17	139	16
17	103	178
17	119	268
17	117	434
17	169	55
17	124	31
17	123	43
17	173	32
17	130	89
17	102	114
17	141	4
17	94	2
17	104	30
17	93	24
17	140	196
17	116	42
17	101	88
17	138	164
17	118	60
17	168	6
17	122	25
17	222	84
17	235	156
17	149	95
17	154	148
17	252	42
17	156	58
17	134	134
17	105	58
17	109	40
17	245	51
17	120	20
17	211	48
17	151	81
17	160	36
17	240	12
17	128	10
17	125	71
17	200	110
17	135	52
17	121	61
17	145	88
17	143	171
17	230	96
17	226	168
17	213	264
17	221	117
17	219	186
17	214	126
17	189	30
17	195	126
17	129	75
17	136	32
17	205	24
17	199	168
17	197	132
17	208	180
17	204	297
17	192	216
17	131	20
17	196	36
17	126	5
17	181	116
17	179	96
17	127	89
17	190	96
17	186	238
17	180	20
17	193	17
17	174	146
17	166	16
17	178	15
17	165	30
17	172	40
17	158	16
17	132	60
17	137	20
17	176	32
17	167	44
17	162	24
17	146	6
17	144	22
17	110	32
17	115	16
17	147	56
17	152	99
17	161	18
17	159	72
17	107	22
18	104	48
18	118	154
18	120	76
18	170	18
18	168	25
18	121	16
18	125	10
18	142	2
18	106	4
18	141	50
18	145	20
18	105	74
18	117	92
18	167	34
18	103	24
18	119	48
18	169	1
18	236	168
18	150	28
18	155	92
18	152	16
18	262	48
18	253	39
18	110	16
18	157	47
18	246	18
18	223	6
18	139	26
18	144	82
18	231	48
18	227	84
18	242	27
18	146	40
18	247	54
18	222	36
18	220	72
18	136	49
18	135	35
18	209	48
18	205	84
18	214	162
18	225	60
18	198	30
18	200	30
18	206	3
18	187	45
18	181	8
18	196	60
18	208	16
18	201	13
18	194	6
18	174	2
18	138	17
18	177	16
18	175	28
18	182	48
18	184	9
18	189	18
18	162	24
18	133	18
18	153	28
18	160	54
18	108	8
18	131	44
18	128	25
18	148	10
18	126	16
19	119	32
19	169	6
19	122	24
19	120	30
19	107	2
19	146	8
19	106	24
19	118	66
19	110	20
19	168	39
19	121	11
19	153	4
19	156	21
19	263	24
19	158	22
19	274	27
19	162	4
19	254	12
19	151	2
19	145	11
19	243	12
19	237	48
19	248	54
19	147	14
19	261	12
19	228	15
19	232	6
19	215	33
19	226	30
19	209	8
19	216	9
19	202	4
19	185	4
19	183	16
19	190	18
19	163	8
19	197	4
19	176	5
19	178	2
19	161	11
19	139	4
19	137	16
19	142	18
19	132	13
19	135	9
19	134	2
19	129	4
20	170	1
20	121	20
20	111	8
20	119	16
20	169	10
20	171	9
20	120	20
20	159	5
20	275	12
20	288	6
20	163	2
20	123	8
20	127	4
20	264	3
20	249	15
20	262	6
20	217	4
20	224	2
20	210	1
20	191	5
20	198	2
20	174	2
20	164	1
20	143	5
20	148	2
20	136	4
20	139	2
20	133	1
21	122	6
21	172	4
21	121	6
21	176	2
21	123	9
21	289	3
21	128	2
21	225	1
21	175	1
21	140	1
22	177	1
22	124	4
22	128	2
23	129	1
--- end of histogram ---
realDistance	heuristic	count
0	0	1024
1	1	2912
2	2	5152
2	1	3648
3	3	3872
3	2	13280
3	1	2560
4	2	26128
4	3	8800
4	4	1216
4	1	1056
5	3	23792
5	4	2304
5	2	35168
5	1	246
6	3	41226
6	2	42394
6	4	6416
6	1	28
7	3	66516
7	4	10220
7	2	41722
7	1	1
8	4	16294
8	3	88067
8	2	36872
9	4	19726
9	3	105398
9	2	27434
10	3	109734
10	4	22840
10	2	17926
11	4	22024
11	3	103350
11	2	9743
12	4	18948
12	3	86560
12	2	4507
13	4	14723
13	3	64976
13	2	1599
14	3	43598
14	4	9897
14	2	449
15	4	5831
15	3	25844
15	2	64
16	4	3118
16	3	13294
17	3	5856
17	4	1427
18	4	554
18	3	2103
19	4	209
19	3	559
20	3	100
20	4	76
21	4	23
21	3	12
22	3	1
22	4	6
23	4	1
--- end of histogram ---
